-0.0011 0
-0.0013 -26.348036
-0.0015 -26.030458
-0.0016 -26.512854
-0.0017 -26.43304
-0.0018 -26.43766
-0.0019 -26.59258
-0.002 -25.662266
-0.0021 -26.73556
-0.0022 -26.660467
-0.0023 -26.774426
-0.0025 -27.146685
-0.003 -49.706833
-0.0035 -50.5562
-0.004 -59.043774
-0.0045 -59.19892
-0.005 -59.210217
-0.0055 -65.741394
-0.006 -65.68622
-0.0065 -74.50716
-0.007 -74.20061
-0.0075 -74.122894
-0.008 -79.06145
-0.0085 -79.1518
-0.009 -83.76209
-0.0095 -83.34355
-0.01 -82.511246
-0.011 -89.577644
-0.012 -92.181694
-0.013 -94.43536
-0.014 -97.69396
-0.015 -97.5577
-0.016 -101.181725
-0.017 -105.20791
-0.018 -108.794754
-0.019 -112.40296
-0.020 -112.82839
-0.021 -113.50612
-0.022 -115.89004
-0.023 -120.287544
-0.024 -121.09456
-0.025 -119.81582
-0.03 -131.9894
0.0011 0
0.0016 26.58995
0.0016 26.499256
0.002 26.559748
0.0025 26.364258
0.0025 26.516996
0.003 48.58045
0.003 48.31115
0.003 48.646496
0.0035 48.109245
0.0035 47.236916
0.004 58.15201
0.004 58.116806
0.0045 58.07437
0.005 57.78287
0.005 58.008686
0.006 65.88312
0.006 65.54685
0.007 71.30163
0.007 71.76297
0.008 77.625725
0.009 81.27015
0.010 80.91013
0.010 81.3127
0.011 87.33958
0.012 88.17223
0.013 94.28078
0.014 96.68887
0.015 96.89875
0.016 100.596954
0.017 104.22879
0.018 104.73077
0.018 108.00712
0.018 108.70689
0.019 112.46944
0.02 112.34753
0.021 111.574844
0.022 114.06581
0.023 117.59334
0.024 119.19669
0.025 119.27152
0.025 119.040665
0.03 130.85268